3 13579 12 05 67 2000 1000000 Sylvain
3 13375 12 15 47 4000 1000444 Khalil
3 13539 12 05 37 2000 20000 Sebastien
3 13579 12 05 69 2000 94370 Julien
1 76042 11 09 22 1000 1001000 6700 1111 Sherine
2 74542 12 10 72 2000 2366660 3700 2222 Shery
1 76532 12 11 12 3000 1001000 6730 1133 Steve
2 76442 12 12 22 4000 1031000 6700 1111 Paul
1 75542 12 09 33 5000 1001000 6700 1111 Samuel
2 26542 12 08 22 6000 1001000 6700 1111 Atoule
1 33654 12 07 72 1000 1001000 6700 1111 Mohamed
2 11542 12 06 62 2000 1001000 6700 1111 Shabbir
1 76542 12 05 66 3000 1001000 6700 1111 Wayne
2 70032 12 04 23 4000 1001000 6700 1111 Zimmermann
1 76542 12 03 32 5000 1001000 6700 1111 Marley
2 76142 12 02 92 6000 1001000 6700 1111 Delaleu